# Created by Octave 5.2.0, Fri May 29 23:49:53 2020 GMT <unknown@Owner-PC>
# name: a
# type: matrix
# rows: 4224
# columns: 3
 4129 0 4129
 4130 0 1
 4131 0 1
 4132 0 1
 4133 0 1
 4134 0 1
 4135 0 1
 4136 0 1
 4137 0 1
 4138 0 1
 4139 0 1
 4140 0 1
 4141 0 1
 4142 0 1
 4143 0 1
 4144 0 1
 4145 0 1
 4146 0 1
 4147 0 1
 4148 0 1
 4149 0 1
 4150 0 1
 4151 0 1
 4152 0 1
 4153 0 1
 4154 0 1
 4155 0 1
 4156 0 1
 4157 0 1
 4158 0 1
 4159 0 1
 4160 0 1
 4161 0 1
 4162 0 1
 4163 0 1
 4164 0 1
 4165 0 1
 4166 0 1
 4167 0 1
 4168 0 1
 4169 0 1
 4170 0 1
 4171 0 1
 4172 0 1
 4173 0 1
 4174 0 1
 4175 0 1
 4176 0 1
 4177 0 1
 4178 0 1
 4179 0 1
 4180 0 1
 4181 0 1
 4182 0 1
 4183 0 1
 4184 0 1
 4185 0 1
 4186 0 1
 4187 0 1
 4188 0 1
 4189 0 1
 4190 0 1
 4191 0 1
 4192 0 1
 4193 0 1
 4194 0 1
 4195 0 1
 4196 0 1
 4197 0 1
 4198 0 1
 4199 0 1
 4200 0 1
 4201 0 1
 4202 0 1
 4203 0 1
 4204 0 1
 4205 0 1
 4206 0 1
 4207 0 1
 4208 0 1
 4209 0 1
 4210 0 1
 4211 0 1
 4212 0 1
 4213 0 1
 4214 0 1
 4215 0 1
 4216 0 1
 4217 0 1
 4218 0 1
 4219 0 1
 4220 0 1
 4221 0 1
 4222 0 1
 4223 0 1
 4224 0 1
 4225 0 1
 4226 0 1
 4227 0 1
 4228 0 1
 4229 0 1
 4230 0 1
 4231 0 1
 4232 0 1
 4233 0 1
 4234 0 1
 4235 0 1
 4236 0 1
 4237 0 1
 4238 0 1
 4239 0 1
 4240 0 1
 4241 0 1
 4242 0 1
 4243 0 1
 4244 0 1
 4245 0 1
 4246 0 1
 4247 0 1
 4248 0 1
 4249 0 1
 4250 0 1
 4251 0 1
 4252 0 1
 4253 0 1
 4254 0 1
 4255 0 1
 4256 0 1
 4257 0 1
 4258 0 1
 4259 0 1
 4260 0 1
 4261 0 1
 4262 0 1
 4263 0 1
 4264 0 1
 4265 0 1
 4266 0 1
 4267 0 1
 4268 0 1
 4269 0 1
 4270 0 1
 4271 0 1
 4272 0 1
 4273 0 1
 4274 0 1
 4275 0 1
 4276 0 1
 4277 0 1
 4278 0 1
 4279 0 1
 4280 0 1
 4281 0 1
 4282 0 1
 4283 0 1
 4284 0 1
 4285 0 1
 4286 0 1
 4287 0 1
 4288 0 1
 4289 0 1
 4290 0 1
 4291 0 1
 4292 0 1
 4293 0 1
 4294 0 1
 4295 0 1
 4296 0 1
 4297 0 1
 4298 0 1
 4299 0 1
 4300 0 1
 4301 0 1
 4302 0 1
 4303 0 1
 4304 0 1
 4305 0 1
 4306 0 1
 4307 0 1
 4308 0 1
 4309 0 1
 4310 0 1
 4311 0 1
 4312 0 1
 4313 0 1
 4314 0 1
 4315 0 1
 4316 0 1
 4317 0 1
 4318 0 1
 4319 0 1
 4320 0 1
 4321 0 1
 4322 0 1
 4323 0 1
 4324 0 1
 4325 0 1
 4326 0 1
 4327 0 1
 4328 0 1
 4329 0 1
 4330 0 1
 4331 0 1
 4332 0 1
 4333 0 1
 4334 0 1
 4335 0 1
 4336 0 1
 4337 0 1
 4338 0 1
 4339 0 1
 4340 0 1
 4341 0 1
 4342 0 1
 4343 0 1
 4344 0 1
 4345 0 1
 4346 0 1
 4347 0 1
 4348 0 1
 4349 0 1
 4350 0 1
 4351 0 1
 4352 0 1
 4353 0 1
 4354 0 1
 4355 0 1
 4356 0 1
 4357 0 1
 4358 0 1
 4359 0 1
 4360 0 1
 4361 0 1
 4362 0 1
 4363 0 1
 4364 0 1
 4365 0 1
 4366 0 1
 4367 0 1
 4368 0 1
 4369 0 1
 4370 0 1
 4371 0 1
 4372 0 1
 4373 0 1
 4374 0 1
 4375 0 1
 4376 0 1
 4377 0 1
 4378 0 1
 4379 0 1
 4380 0 1
 4381 0 1
 4382 0 1
 4383 0 1
 4384 0 1
 4385 0 1
 4386 0 1
 4387 0 1
 4388 0 1
 4389 0 1
 4390 0 1
 4391 0 1
 4392 0 1
 4393 0 1
 4394 0 1
 4395 0 1
 4396 0 1
 4397 0 1
 4398 0 1
 4399 0 1
 4400 0 1
 4401 0 1
 4402 0 1
 4403 0 1
 4404 0 1
 4405 0 1
 4406 0 1
 4407 0 1
 4408 0 1
 4409 0 1
 4410 0 1
 4411 0 1
 4412 0 1
 4413 0 1
 4414 0 1
 4415 0 1
 4416 0 1
 4417 0 1
 4418 0 1
 4419 0 1
 4420 0 1
 4421 0 1
 4422 0 1
 4423 0 1
 4424 0 1
 4425 0 1
 4426 0 1
 4427 0 1
 4428 0 1
 4429 0 1
 4430 0 1
 4431 0 1
 4432 0 1
 4433 0 1
 4434 0 1
 4435 0 1
 4436 0 1
 4437 0 1
 4438 0 1
 4439 0 1
 4440 0 1
 4441 0 1
 4442 0 1
 4443 0 1
 4444 0 1
 4445 0 1
 4446 0 1
 4447 0 1
 4448 0 1
 4449 0 1
 4450 0 1
 4451 0 1
 4452 0 1
 4453 0 1
 4454 0 1
 4455 0 1
 4456 0 1
 4457 0 1
 4458 0 1
 4459 0 1
 4460 0 1
 4461 0 1
 4462 0 1
 4463 0 1
 4464 0 1
 4465 0 1
 4466 0 1
 4467 0 1
 4468 0 1
 4469 0 1
 4470 0 1
 4471 0 1
 4472 0 1
 4473 0 1
 4474 0 1
 4475 0 1
 4476 0 1
 4477 0 1
 4478 0 1
 4479 0 1
 4480 0 1
 4481 0 1
 4482 0 1
 4483 0 1
 4484 0 1
 4485 0 1
 4486 0 1
 4487 0 1
 4488 0 1
 4489 0 1
 4490 0 1
 4491 0 1
 4492 0 1
 4493 0 1
 4494 0 1
 4495 0 1
 4496 0 1
 4497 0 1
 4498 0 1
 4499 0 1
 4500 0 1
 4501 0 1
 4502 0 1
 4503 0 1
 4504 0 1
 4505 0 1
 4506 0 1
 4507 0 1
 4508 0 1
 4509 0 1
 4510 0 1
 4511 0 1
 4512 0 1
 4513 0 1
 4514 0 1
 4515 0 1
 4516 0 1
 4517 0 1
 4518 0 1
 4519 0 1
 4520 0 1
 4521 0 1
 4522 0 1
 4523 0 1
 4524 0 1
 4525 0 1
 4526 0 1
 4527 0 1
 4528 0 1
 4529 0 1
 4530 0 1
 4531 0 1
 4532 0 1
 4533 0 1
 4534 0 1
 4535 0 1
 4536 0 1
 4537 0 1
 4538 0 1
 4539 0 1
 4540 0 1
 4541 0 1
 4542 0 1
 4543 0 1
 4544 0 1
 4545 0 1
 4546 0 1
 4547 0 1
 4548 0 1
 4549 0 1
 4550 0 1
 4551 0 1
 4552 0 1
 4553 0 1
 4554 0 1
 4555 0 1
 4556 0 1
 4557 0 1
 4558 0 1
 4559 0 1
 4560 0 1
 4561 0 1
 4562 0 1
 4563 0 1
 4564 0 1
 4565 0 1
 4566 0 1
 4567 0 1
 4568 0 1
 4569 0 1
 4570 0 1
 4571 0 1
 4572 0 1
 4573 0 1
 4574 0 1
 4575 0 1
 4576 0 1
 4577 0 1
 4578 0 1
 4579 0 1
 4580 0 1
 4581 0 1
 4582 0 1
 4583 0 1
 4584 0 1
 4585 0 1
 4586 0 1
 4587 0 1
 4588 0 1
 4589 0 1
 4590 0 1
 4591 0 1
 4592 0 1
 4593 0 1
 4594 0 1
 4595 0 1
 4596 0 1
 4597 0 1
 4598 0 1
 4599 0 1
 4600 0 1
 4601 0 1
 4602 0 1
 4603 0 1
 4604 0 1
 4605 0 1
 4606 0 1
 4607 0 1
 4608 0 1
 4609 0 1
 4610 0 1
 4611 0 1
 4612 0 1
 4613 0 1
 4614 0 1
 4615 0 1
 4616 0 1
 4617 0 1
 4618 0 1
 4619 0 1
 4620 0 1
 4621 0 1
 4622 0 1
 4623 0 1
 4624 0 1
 4625 0 1
 4626 0 1
 4627 0 1
 4628 0 1
 4629 0 1
 4630 0 1
 4631 0 1
 4632 0 1
 4633 0 1
 4634 0 1
 4635 0 1
 4636 0 1
 4637 0 1
 4638 0 1
 4639 0 1
 4640 0 1
 4641 0 1
 4642 0 1
 4643 0 1
 4644 0 1
 4645 0 1
 4646 0 1
 4647 0 1
 4648 0 1
 4649 0 1
 4650 0 1
 4651 0 1
 4652 0 1
 4653 0 1
 4654 0 1
 4655 0 1
 4656 0 1
 4657 0 1
 4658 0 1
 4659 0 1
 4660 0 1
 4661 0 1
 4662 0 1
 4663 0 1
 4664 0 1
 4665 0 1
 4666 0 1
 4667 0 1
 4668 0 1
 4669 0 1
 4670 0 1
 4671 0 1
 4672 0 1
 4673 0 1
 4674 0 1
 4675 0 1
 4676 0 1
 4677 0 1
 4678 0 1
 4679 0 1
 4680 0 1
 4681 0 1
 4682 0 1
 4683 0 1
 4684 0 1
 4685 0 1
 4686 0 1
 4687 0 1
 4688 0 1
 4689 0 1
 4690 0 1
 4691 0 1
 4692 0 1
 4693 0 1
 4694 0 1
 4695 0 1
 4696 0 1
 4697 0 1
 4698 0 1
 4699 0 1
 4700 0 1
 4701 0 1
 4702 0 1
 4703 0 1
 4704 0 1
 4705 0 1
 4706 0 1
 4707 0 1
 4708 0 1
 4709 0 1
 4710 0 1
 4711 0 1
 4712 0 1
 4713 0 1
 4714 0 1
 4715 0 1
 4716 0 1
 4717 0 1
 4718 0 1
 4719 0 1
 4720 0 1
 4721 0 1
 4722 0 1
 4723 0 1
 4724 0 1
 4725 0 1
 4726 0 1
 4727 0 1
 4728 0 1
 4729 0 1
 4730 0 1
 4731 0 1
 4732 0 1
 4733 0 1
 4734 0 1
 4735 0 1
 4736 0 1
 4737 0 1
 4738 0 1
 4739 0 1
 4740 0 1
 4741 0 1
 4742 0 1
 4743 0 1
 4744 0 1
 4745 0 1
 4746 0 1
 4747 0 1
 4748 0 1
 4749 0 1
 4750 0 1
 4751 0 1
 4752 0 1
 4753 0 1
 4754 0 1
 4755 0 1
 4756 0 1
 4757 0 1
 4758 0 1
 4759 0 1
 4760 0 1
 4761 0 1
 4762 0 1
 4763 0 1
 4764 0 1
 4765 0 1
 4766 0 1
 4767 0 1
 4768 0 1
 4769 0 1
 4770 0 1
 4771 0 1
 4772 0 1
 4773 0 1
 4774 0 1
 4775 0 1
 4776 0 1
 4777 0 1
 4778 0 1
 4779 0 1
 4780 0 1
 4781 0 1
 4782 0 1
 4783 0 1
 4784 0 1
 4785 0 1
 4786 0 1
 4787 0 1
 4788 0 1
 4789 0 1
 4790 0 1
 4791 0 1
 4792 0 1
 4793 0 1
 4794 0 1
 4795 0 1
 4796 0 1
 4797 0 1
 4798 0 1
 4799 0 1
 4800 0 1
 4801 0 1
 4802 0 1
 4803 0 1
 4804 0 1
 4805 0 1
 4806 0 1
 4807 0 1
 4808 0 1
 4809 0 1
 4810 0 1
 4811 0 1
 4812 0 1
 4813 0 1
 4814 0 1
 4815 0 1
 4816 0 1
 4817 0 1
 4818 0 1
 4819 0 1
 4820 0 1
 4821 0 1
 4822 0 1
 4823 0 1
 4824 0 1
 4825 0 1
 4826 0 1
 4827 0 1
 4828 0 1
 4829 0 1
 4830 0 1
 4831 0 1
 4832 0 1
 4833 0 1
 4834 0 1
 4835 0 1
 4836 0 1
 4837 0 1
 4838 0 1
 4839 0 1
 4840 0 1
 4841 0 1
 4842 0 1
 4843 0 1
 4844 0 1
 4845 0 1
 4846 0 1
 4847 0 1
 4848 0 1
 4849 0 1
 4850 0 1
 4851 0 1
 4852 0 1
 4853 0 1
 4854 0 1
 4855 0 1
 4856 0 1
 4857 0 1
 4858 0 1
 4859 0 1
 4860 0 1
 4861 0 1
 4862 0 1
 4863 0 1
 4864 0 1
 4865 0 1
 4866 0 1
 4867 0 1
 4868 0 1
 4869 0 1
 4870 0 1
 4871 0 1
 4872 0 1
 4873 0 1
 4874 0 1
 4875 0 1
 4876 0 1
 4877 0 1
 4878 0 1
 4879 0 1
 4880 0 1
 4881 0 1
 4882 0 1
 4883 0 1
 4884 0 1
 4885 0 1
 4886 0 1
 4887 0 1
 4888 0 1
 4889 0 1
 4890 0 1
 4891 0 1
 4892 0 1
 4893 0 1
 4894 0 1
 4895 0 1
 4896 0 1
 4897 0 1
 4898 0 1
 4899 0 1
 4900 0 1
 4901 0 1
 4902 0 1
 4903 0 1
 4904 0 1
 4905 0 1
 4906 0 1
 4907 0 1
 4908 0 1
 4909 0 1
 4910 0 1
 4911 0 1
 4912 0 1
 4913 0 1
 4914 0 1
 4915 0 1
