# Created by Octave 5.2.0, Fri May 29 23:44:37 2020 GMT <unknown@Owner-PC>
# name: a
# type: matrix
# rows: 5870
# columns: 3
 13567 0 13567
 13568 0 1
 13569 0 1
 13570 0 1
 13571 0 1
 13572 0 1
 13573 0 1
 13574 0 1
 13575 0 1
 13576 0 1
 13577 0 1
 13578 0 1
 13579 0 1
 13580 0 1
 13581 0 1
 13582 0 1
 13583 0 1
 13584 0 1
 13585 0 1
 13586 0 1
 13587 0 1
 13588 0 1
 13589 0 1
 13590 0 1
 13591 0 1
 13592 0 1
 13593 0 1
 13594 0 1
 13595 0 1
 13596 0 1
 13597 0 1
 13598 0 1
 13599 0 1
 13600 0 1
 13601 0 1
 13602 0 1
 13603 0 1
 13604 0 1
 13605 0 1
 13606 0 1
 13607 0 1
 13608 0 1
 13609 0 1
 13610 0 1
 13611 0 1
 13612 0 1
 13613 0 1
 13614 0 1
 13615 0 1
 13616 0 1
 13617 0 1
 13618 0 1
 13619 0 1
 13620 0 1
 13621 0 1
 13622 0 1
 13623 0 1
 13624 0 1
 13625 0 1
 13626 0 1
 13627 0 1
 13628 0 1
 13629 0 1
 13630 0 1
 13631 0 1
 13632 0 1
 13633 0 1
 13634 0 1
 13635 0 1
 13636 0 1
 13637 0 1
 13638 0 1
 13639 0 1
 13640 0 1
 13641 0 1
 13642 0 1
 13643 0 1
 13644 0 1
 13645 0 1
 13646 0 1
 13647 0 1
 13648 0 1
 13649 0 1
 13650 0 1
 13651 0 1
 13652 0 1
 13653 0 1
 13654 0 1
 13655 0 1
 13656 0 1
 13657 0 1
 13658 0 1
 13659 0 1
 13660 0 1
 13661 0 1
 13662 0 1
 13663 0 1
 13664 0 1
 13665 0 1
 13666 0 1
 13667 0 1
 13668 0 1
 13669 0 1
 13670 0 1
 13671 0 1
 13672 0 1
 13673 0 1
 13674 0 1
 13675 0 1
 13676 0 1
 13677 0 1
 13678 0 1
 13679 0 1
 13680 0 1
 13681 0 1
 13682 0 1
 13683 0 1
 13684 0 1
 13685 0 1
 13686 0 1
 13687 0 1
 13688 0 1
 13689 0 1
 13690 0 1
 13691 0 1
 13692 0 1
 13693 0 1
 13694 0 1
 13695 0 1
 13696 0 1
 13697 0 1
 13698 0 1
 13699 0 1
 13700 0 1
 13701 0 1
 13702 0 1
 13703 0 1
 13704 0 1
 13705 0 1
 13706 0 1
 13707 0 1
 13708 0 1
 13709 0 1
 13710 0 1
 13711 0 1
 13712 0 1
 13713 0 1
 13714 0 1
 13715 0 1
 13716 0 1
 13717 0 1
 13718 0 1
 13719 0 1
 13720 0 1
 13721 0 1
 13722 0 1
 13723 0 1
 13724 0 1
 13725 0 1
 13726 0 1
 13727 0 1
 13728 0 1
 13729 0 1
 13730 0 1
 13731 0 1
 13732 0 1
 13733 0 1
 13734 0 1
 13735 0 1
 13736 0 1
 13737 0 1
 13738 0 1
 13739 0 1
 13740 0 1
 13741 0 1
 13742 0 1
 13743 0 1
 13744 0 1
 13745 0 1
 13746 0 1
 13747 0 1
 13748 0 1
 13749 0 1
 13750 0 1
 13751 0 1
 13752 0 1
 13753 0 1
 13754 0 1
 13755 0 1
 13756 0 1
 13757 0 1
 13758 0 1
 13759 0 1
 13760 0 1
 13761 0 1
 13762 0 1
 13763 0 1
 13764 0 1
 13765 0 1
 13766 0 1
 13767 0 1
 13768 0 1
 13769 0 1
 13770 0 1
 13771 0 1
 13772 0 1
 13773 0 1
 13774 0 1
 13775 0 1
 13776 0 1
 13777 0 1
 13778 0 1
 13779 0 1
 13780 0 1
 13781 0 1
 13782 0 1
 13783 0 1
 13784 0 1
 13785 0 1
 13786 0 1
 13787 0 1
 13788 0 1
 13789 0 1
 13790 0 1
 13791 0 1
 13792 0 1
 13793 0 1
 13794 0 1
 13795 0 1
 13796 0 1
 13797 0 1
 13798 0 1
 13799 0 1
 13800 0 1
 13801 0 1
 13802 0 1
 13803 0 1
 13804 0 1
 13805 0 1
 13806 0 1
 13807 0 1
 13808 0 1
 13809 0 1
 13810 0 1
 13811 0 1
 13812 0 1
 13813 0 1
 13814 0 1
 13815 0 1
 13816 0 1
 13817 0 1
 13818 0 1
 13819 0 1
 13820 0 1
 13821 0 1
 13822 0 1
 13823 0 1
 13824 0 1
 13825 0 1
 13826 0 1
 13827 0 1
 13828 0 1
 13829 0 1
 13830 0 1
 13831 0 1
 13832 0 1
 13833 0 1
 13834 0 1
 13835 0 1
 13836 0 1
 13837 0 1
 13838 0 1
 13839 0 1
 13840 0 1
 13841 0 1
 13842 0 1
 13843 0 1
 13844 0 1
 13845 0 1
 13846 0 1
 13847 0 1
 13848 0 1
 13849 0 1
 13850 0 1
 13851 0 1
 13852 0 1
 13853 0 1
 13854 0 1
 13855 0 1
 13856 0 1
 13857 0 1
 13858 0 1
 13859 0 1
 13860 0 1
 13861 0 1
 13862 0 1
 13863 0 1
 13864 0 1
 13865 0 1
 13866 0 1
 13867 0 1
 13868 0 1
 13869 0 1
 13870 0 1
 13871 0 1
 13872 0 1
 13873 0 1
 13874 0 1
 13875 0 1
 13876 0 1
 13877 0 1
 13878 0 1
 13879 0 1
 13880 0 1
 13881 0 1
 13882 0 1
 13883 0 1
 13884 0 1
 13885 0 1
 13886 0 1
 13887 0 1
 13888 0 1
 13889 0 1
 13890 0 1
 13891 0 1
 13892 0 1
 13893 0 1
 13894 0 1
 13895 0 1
 13896 0 1
 13897 0 1
 13898 0 1
 13899 0 1
 13900 0 1
 13901 0 1
 13902 0 1
 13903 0 1
 13904 0 1
 13905 0 1
 13906 0 1
 13907 0 1
 13908 0 1
 13909 0 1
 13910 0 1
 13911 0 1
 13912 0 1
 13913 0 1
 13914 0 1
 13915 0 1
 13916 0 1
 13917 0 1
 13918 0 1
 13919 0 1
 13920 0 1
 13921 0 1
 13922 0 1
 13923 0 1
 13924 0 1
 13925 0 1
 13926 0 1
 13927 0 1
 13928 0 1
 13929 0 1
 13930 0 1
 13931 0 1
 13932 0 1
 13933 0 1
 13934 0 1
 13935 0 1
 13936 0 1
 13937 0 1
 13938 0 1
 13939 0 1
 13940 0 1
 13941 0 1
 13942 0 1
 13943 0 1
 13944 0 1
 13945 0 1
 13946 0 1
 13947 0 1
 13948 0 1
 13949 0 1
 13950 0 1
 13951 0 1
 13952 0 1
 13953 0 1
 13954 0 1
 13955 0 1
 13956 0 1
 13957 0 1
 13958 0 1
 13959 0 1
 13960 0 1
 13961 0 1
 13962 0 1
 13963 0 1
 13964 0 1
 13965 0 1
 13966 0 1
 13967 0 1
 13968 0 1
 13969 0 1
 13970 0 1
 13971 0 1
 13972 0 1
 13973 0 1
 13974 0 1
 13975 0 1
 13976 0 1
 13977 0 1
 13978 0 1
 13979 0 1
 13980 0 1
 13981 0 1
 13982 0 1
 13983 0 1
 13984 0 1
 13985 0 1
 13986 0 1
 13987 0 1
 13988 0 1
 13989 0 1
 13990 0 1
 13991 0 1
 13992 0 1
 13993 0 1
 13994 0 1
 13995 0 1
 13996 0 1
 13997 0 1
 13998 0 1
 13999 0 1
 14000 0 1
 14001 0 1
 14002 0 1
 14003 0 1
 14004 0 1
 14005 0 1
 14006 0 1
 14007 0 1
 14008 0 1
 14009 0 1
 14010 0 1
 14011 0 1
 14012 0 1
 14013 0 1
 14014 0 1
 14015 0 1
 14016 0 1
 14017 0 1
 14018 0 1
 14019 0 1
 14020 0 1
 14021 0 1
 14022 0 1
 14023 0 1
 14024 0 1
 14025 0 1
 14026 0 1
 14027 0 1
 14028 0 1
 14029 0 1
 14030 0 1
 14031 0 1
 14032 0 1
 14033 0 1
 14034 0 1
 14035 0 1
 14036 0 1
 14037 0 1
 14038 0 1
 14039 0 1
 14040 0 1
 14041 0 1
 14042 0 1
 14043 0 1
 14044 0 1
 14045 0 1
 14046 0 1
 14047 0 1
 14048 0 1
 14049 0 1
 14050 0 1
 14051 0 1
 14052 0 1
 14053 0 1
 14054 0 1
 14055 0 1
 14056 0 1
 14057 0 1
 14058 0 1
 14059 0 1
 14060 0 1
 14061 0 1
 14062 0 1
 14063 0 1
 14064 0 1
 14065 0 1
 14066 0 1
 14067 0 1
 14068 0 1
 14069 0 1
 14070 0 1
 14071 0 1
 14072 0 1
 14073 0 1
 14074 0 1
 14075 0 1
 14076 0 1
 14077 0 1
 14078 0 1
 14079 0 1
 14080 0 1
 14081 0 1
 14082 0 1
 14083 0 1
 14084 0 1
 14085 0 1
 14086 0 1
 14087 0 1
 14088 0 1
 14089 0 1
 14090 0 1
 14091 0 1
 14092 0 1
 14093 0 1
 14094 0 1
 14095 0 1
 14096 0 1
 14097 0 1
 14098 0 1
 14099 0 1
 14100 0 1
 14101 0 1
 14102 0 1
 14103 0 1
 14104 0 1
 14105 0 1
 14106 0 1
 14107 0 1
 14108 0 1
 14109 0 1
 14110 0 1
 14111 0 1
 14112 0 1
 14113 0 1
 14114 0 1
 14115 0 1
 14116 0 1
 14117 0 1
 14118 0 1
 14119 0 1
 14120 0 1
 14121 0 1
 14122 0 1
 14123 0 1
 14124 0 1
 14125 0 1
 14126 0 1
 14127 0 1
 14128 0 1
 14129 0 1
 14130 0 1
 14131 0 1
 14132 0 1
 14133 0 1
 14134 0 1
 14135 0 1
 14136 0 1
 14137 0 1
 14138 0 1
 14139 0 1
 14140 0 1
 14141 0 1
 14142 0 1
 14143 0 1
 14144 0 1
 14145 0 1
 14146 0 1
 14147 0 1
 14148 0 1
 14149 0 1
 14150 0 1
 14151 0 1
 14152 0 1
 14153 0 1
 14154 0 1
 14155 0 1
 14156 0 1
 14157 0 1
 14158 0 1
 14159 0 1
 14160 0 1
 14161 0 1
 14162 0 1
 14163 0 1
 14164 0 1
 14165 0 1
 14166 0 1
 14167 0 1
 14168 0 1
 14169 0 1
 14170 0 1
 14171 0 1
 14172 0 1
 14173 0 1
 14174 0 1
 14175 0 1
 14176 0 1
 14177 0 1
 14178 0 1
 14179 0 1
 14180 0 1
 14181 0 1
 14182 0 1
 14183 0 1
 14184 0 1
 14185 0 1
 14186 0 1
 14187 0 1
 14188 0 1
 14189 0 1
 14190 0 1
 14191 0 1
 14192 0 1
 14193 0 1
 14194 0 1
 14195 0 1
 14196 0 1
 14197 0 1
 14198 0 1
 14199 0 1
 14200 0 1
 14201 0 1
 14202 0 1
 14203 0 1
 14204 0 1
 14205 0 1
 14206 0 1
 14207 0 1
 14208 0 1
 14209 0 1
 14210 0 1
 14211 0 1
 14212 0 1
 14213 0 1
 14214 0 1
 14215 0 1
 14216 0 1
 14217 0 1
 14218 0 1
 14219 0 1
 14220 0 1
 14221 0 1
 14222 0 1
 14223 0 1
 14224 0 1
 14225 0 1
 14226 0 1
 14227 0 1
 14228 0 1
 14229 0 1
 14230 0 1
 14231 0 1
 14232 0 1
 14233 0 1
 14234 0 1
 14235 0 1
 14236 0 1
 14237 0 1
 14238 0 1
 14239 0 1
 14240 0 1
 14241 0 1
 14242 0 1
 14243 0 1
 14244 0 1
 14245 0 1
 14246 0 1
 14247 0 1
 14248 0 1
 14249 0 1
 14250 0 1
 14251 0 1
 14252 0 1
 14253 0 1
 14254 0 1
 14255 0 1
 14256 0 1
 14257 0 1
 14258 0 1
 14259 0 1
 14260 0 1
 14261 0 1
 14262 0 1
 14263 0 1
 14264 0 1
 14265 0 1
 14266 0 1
 14267 0 1
 14268 0 1
 14269 0 1
 14270 0 1
 14271 0 1
 14272 0 1
 14273 0 1
 14274 0 1
 14275 0 1
 14276 0 1
 14277 0 1
 14278 0 1
 14279 0 1
 14280 0 1
 14281 0 1
