# Created by Octave 5.2.0, Tue Jun 16 16:06:19 2020 GMT <unknown@Owner-PC>
# name: AGRR_COUNTS
# type: scalar
150


# name: MAX_AGRREGATE
# type: scalar
274


# name: MAX_ENC
# type: scalar
3713


# name: a
# type: matrix
# rows: 2488
# columns: 4
 0 3022 0 2
 0 3022 0 2
 0 3022 0 2
 0 3022 0 2
 0 3022 0 2
 -1 3023 0 2
 1 3022 1 2
 0 3022 1 2
 0 3022 1 2
 0 3022 1 2
 0 3022 1 2
 0 3022 1 2
 -1 3023 0 2
 1 3022 1 2
 0 3022 1 2
 0 3022 1 2
 0 3022 1 2
 0 3022 1 2
 0 3022 1 2
 0 3022 1 2
 0 3022 1 2
 0 3022 1 2
 0 3022 1 2
 0 3022 1 2
 0 3022 1 2
 0 3022 1 2
 0 3022 1 2
 0 3022 1 2
 0 3022 1 2
 0 3022 1 2
 0 3022 1 2
 0 3022 1 2
 0 3022 1 2
 0 3022 1 2
 0 3022 1 2
 0 3022 1 2
 0 3022 1 2
 0 3022 1 2
 0 3022 1 2
 0 3022 1 2
 0 3022 1 2
 0 3022 1 2
 0 3022 1 2
 0 3022 1 2
 0 3022 1 2
 0 3022 1 2
 0 3022 1 2
 0 3022 1 2
 0 3022 1 2
 0 3022 1 2
 0 3022 1 2
 -1 3023 0 2
 1 3022 1 2
 0 3022 1 2
 -1 3023 0 2
 2 3021 2 2
 -1 3022 1 2
 0 3022 1 2
 0 3022 1 2
 -1 3023 0 2
 0 3023 0 2
 1 3022 1 2
 0 3022 1 2
 0 3022 1 2
 0 3022 1 2
 0 3022 1 2
 0 3022 1 2
 0 3022 1 2
 0 3022 1 2
 0 3022 1 2
 0 3022 1 2
 -1 3023 0 2
 0 3023 0 2
 1 3022 1 2
 -1 3023 0 2
 0 3023 0 2
 1 3022 1 2
 0 3022 1 2
 0 3022 1 2
 -1 3023 0 2
 1 3022 1 2
 0 3022 1 2
 0 3022 1 2
 -1 3023 0 2
 1 3022 1 2
 -1 3023 0 2
 1 3022 1 2
 0 3022 1 2
 0 3022 1 2
 0 3022 1 2
 0 3022 1 2
 0 3022 1 2
 0 3022 1 2
 0 3022 1 2
 0 3022 1 2
 0 3022 1 2
 0 3022 1 2
 0 3022 1 2
 -1 3023 0 2
 1 3022 1 2
 0 3022 1 2
 -1 3023 0 2
 1 3022 1 2
 0 3022 1 2
 0 3022 1 2
 0 3022 1 2
 0 3022 1 2
 0 3022 1 2
 0 3022 1 2
 0 3022 1 2
 0 3022 1 2
 0 3022 1 2
 0 3022 1 2
 0 3022 1 2
 0 3022 1 2
 -1 3023 0 2
 1 3022 1 2
 0 3022 1 2
 0 3022 1 2
 0 3022 1 2
 0 3022 1 2
 0 3022 1 2
 -1 3023 0 2
 1 3022 1 2
 0 3022 1 2
 0 3022 1 2
 0 3022 1 2
 -1 3023 0 2
 1 3022 1 2
 0 3022 1 2
 0 3022 1 2
 0 3022 1 2
 -1 3023 0 2
 1 3022 1 2
 0 3022 1 2
 0 3022 1 2
 0 3022 1 2
 0 3022 1 2
 0 3022 1 2
 0 3022 1 2
 0 3022 1 2
 2 3020 3 2
 -3 3023 0 2
 0 3023 0 2
 1 3022 1 2
 0 3022 1 2
 0 3022 1 2
 0 3022 1 2
 0 3022 1 2
 -1 3023 0 2
 1 3022 1 2
 0 3022 1 2
 0 3022 1 2
 0 3022 1 2
 0 3022 1 2
 0 3022 1 2
 0 3022 1 2
 0 3022 1 2
 0 3022 1 2
 -1 3023 0 2
 1 3022 1 2
 0 3022 1 2
 0 3022 1 2
 0 3022 1 2
 0 3022 1 2
 -1 3023 0 2
 1 3022 1 2
 -1 3023 0 2
 1 3022 1 2
 0 3022 1 2
 -1 3023 0 2
 0 3023 0 2
 1 3022 1 2
 0 3022 1 2
 0 3022 1 2
 -1 3023 0 2
 1 3022 1 2
 0 3022 1 2
 -1 3023 0 2
 0 3023 0 2
 1 3022 1 2
 -1 3023 0 2
 1 3022 1 2
 0 3022 1 2
 0 3022 1 2
 0 3022 1 2
 0 3022 1 2
 -1 3023 0 2
 1 3022 1 2
 0 3022 1 2
 0 3022 1 2
 0 3022 1 2
 0 3022 1 2
 0 3022 1 2
 0 3022 1 2
 0 3022 1 2
 0 3022 1 2
 0 3022 1 2
 0 3022 1 2
 0 3022 1 2
 0 3022 1 2
 0 3022 1 2
 0 3022 1 2
 1 3021 2 2
 -2 3023 0 2
 0 3023 0 2
 1 3022 1 2
 0 3022 1 2
 -1 3023 0 2
 1 3022 1 2
 0 3022 1 2
 0 3022 1 2
 -1 3023 0 2
 0 3023 0 2
 1 3022 1 2
 0 3022 1 2
 0 3022 1 2
 -1 3023 0 2
 0 3023 0 2
 1 3022 1 2
 0 3022 1 2
 0 3022 1 2
 0 3022 1 2
 0 3022 1 2
 0 3022 1 2
 0 3022 1 2
 0 3022 1 2
 0 3022 1 2
 0 3022 1 2
 0 3022 1 2
 0 3022 1 2
 0 3022 1 2
 0 3022 1 2
 0 3022 1 2
 0 3022 1 2
 -1 3023 0 2
 1 3022 1 2
 0 3022 1 2
 0 3022 1 2
 0 3022 1 2
 0 3022 1 2
 -1 3023 0 2
 1 3022 1 2
 -1 3023 0 2
 1 3022 1 2
 0 3022 1 2
 -1 3023 0 2
 1 3022 1 2
 0 3022 1 2
 0 3022 1 2
 -1 3023 0 2
 1 3022 1 2
 0 3022 1 2
 0 3022 1 2
 0 3022 1 2
 0 3022 1 2
 0 3022 1 2
 0 3022 1 2
 0 3022 1 2
 0 3022 1 2
 0 3022 1 2
 0 3022 1 2
 0 3022 1 2
 0 3022 1 2
 0 3022 1 2
 -1 3023 0 2
 1 3022 1 2
 0 3022 1 2
 -1 3023 0 2
 1 3022 1 2
 0 3022 1 2
 1 3021 2 2
 -1 3022 1 2
 0 3022 1 2
 0 3022 1 2
 0 3022 1 2
 -1 3023 0 2
 1 3022 1 2
 0 3022 1 2
 0 3022 1 2
 0 3022 1 2
 0 3022 1 2
 0 3022 1 2
 0 3022 1 2
 0 3022 1 2
 -1 3023 0 2
 1 3022 1 2
 0 3022 1 2
 0 3022 1 2
 -1 3023 0 2
 1 3022 1 2
 -1 3023 0 2
 1 3022 1 2
 -1 3023 0 2
 1 3022 1 2
 0 3022 1 2
 0 3022 1 2
 0 3022 1 2
 0 3022 1 2
 0 3022 1 2
 0 3022 1 2
 -1 3023 0 2
 0 3023 0 2
 1 3022 1 2
 0 3022 1 2
 0 3022 1 2
 -1 3023 0 2
 0 3023 0 2
 0 3023 0 2
 1 3022 1 2
 0 3022 1 2
 0 3022 1 2
 0 3022 1 2
 -1 3023 0 2
 1 3022 1 2
 0 3022 1 2
 -1 3023 0 2
 1 3022 1 2
 0 3022 1 2
 0 3022 1 2
 -1 3023 0 2
 1 3022 1 2
 0 3022 1 2
 0 3022 1 2
 0 3022 1 2
 0 3022 1 2
 1 3021 2 2
 -1 3022 1 2
 0 3022 1 2
 0 3022 1 2
 0 3022 1 2
 -1 3023 0 2
 1 3022 1 2
 0 3022 1 2
 0 3022 1 2
 -1 3023 0 2
 1 3022 1 2
 0 3022 1 2
 0 3022 1 2
 -1 3023 0 2
 1 3022 1 2
 0 3022 1 2
 0 3022 1 2
 0 3022 1 2
 0 3022 1 2
 0 3022 1 2
 0 3022 1 2
 0 3022 1 2
 0 3022 1 2
 0 3022 1 2
 0 3022 1 2
 0 3022 1 2
 -1 3023 0 2
 1 3022 1 2
 -1 3023 0 2
 1 3022 1 2
 0 3022 1 2
 0 3022 1 2
 0 3022 1 2
 0 3022 1 2
 0 3022 1 2
 0 3022 1 2
 0 3022 1 2
 0 3022 1 2
 0 3022 1 2
 0 3022 1 2
 -1 3023 0 2
 1 3022 1 2
 0 3022 1 2
 0 3022 1 2
 0 3022 1 2
 0 3022 1 2
 0 3022 1 2
 0 3022 1 2
 -1 3023 0 2
 1 3022 1 2
 0 3022 1 2
 0 3022 1 2
 -1 3023 0 2
 1 3022 1 2
 0 3022 1 2
 0 3022 1 2
 0 3022 1 2
 0 3022 1 2
 0 3022 1 2
 0 3022 1 2
 0 3022 1 2
 0 3022 1 2
 0 3022 1 2
 0 3022 1 2
 0 3022 1 2
 0 3022 1 2
 0 3022 1 2
 -1 3023 0 2
 1 3022 1 2
 0 3022 1 2
 0 3022 1 2
 0 3022 1 2
 0 3022 1 2
 0 3022 1 2
 0 3022 1 2
 0 3022 1 2
 0 3022 1 2
 -1 3023 0 2
 1 3022 1 2
 0 3022 1 2
 0 3022 1 2
 0 3022 1 2
 0 3022 1 2
 0 3022 1 2
 0 3022 1 2
 0 3022 1 2
 0 3022 1 2
 0 3022 1 2
 0 3022 1 2
 0 3022 1 2
 0 3022 1 2
 0 3022 1 2
 0 3022 1 2
 0 3022 1 2
 -1 3023 0 2
 2 3021 2 2
 -2 3023 0 2
 1 3022 1 2
 0 3022 1 2
 0 3022 1 2
 0 3022 1 2
 -1 3023 0 2
 1 3022 1 2
 0 3022 1 2
 0 3022 1 2
 0 3022 1 2
 -1 3023 0 2
 1 3022 1 2
 0 3022 1 2
 -1 3023 0 2
 1 3022 1 2
 0 3022 1 2
 0 3022 1 2
 0 3022 1 2
 0 3022 1 2
 0 3022 1 2
 -1 3023 0 2
 0 3023 0 2
 0 3023 0 2
 1 3022 1 2
 0 3022 1 2
 0 3022 1 2
 0 3022 1 2
 0 3022 1 2
 0 3022 1 2
 0 3022 1 2
 0 3022 1 2
 0 3022 1 2
 0 3022 1 2
 0 3022 1 2
 0 3022 1 2
 0 3022 1 2
 0 3022 1 2
 0 3022 1 2
 0 3022 1 2
 0 3022 1 2
 0 3022 1 2
 -1 3023 0 2
 1 3022 1 2
 0 3022 1 2
 0 3022 1 2
 0 3022 1 2
 0 3022 1 2
 -1 3023 0 2
 1 3022 1 2
 0 3022 1 2
 0 3022 1 2
 0 3022 1 2
 -2 3024 0 2
 2 3022 2 2
 0 3022 2 2
 0 3022 2 2
 0 3022 2 2
 -1 3023 1 2
 1 3022 2 2
 -1 3023 1 2
 0 3023 1 2
 1 3022 2 2
 0 3022 2 2
 0 3022 2 2
 -1 3023 1 2
 1 3022 2 2
 0 3022 2 2
 -1 3023 1 2
 1 3022 2 2
 0 3022 2 2
 0 3022 2 2
 0 3022 2 2
 0 3022 2 2
 -1 3023 1 2
 1 3022 2 2
 0 3022 2 2
 0 3022 2 2
 0 3022 2 2
 0 3022 2 2
 0 3022 2 2
 -1 3023 1 2
 1 3022 2 2
 0 3022 2 2
 0 3022 2 2
 0 3022 2 2
 0 3022 2 2
 0 3022 2 2
 -1 3023 1 2
 0 3023 1 2
 1 3022 2 2
 0 3022 2 2
 0 3022 2 2
 -1 3023 1 2
 0 3023 1 2
 1 3022 2 2
 0 3022 2 2
 0 3022 2 2
 0 3022 2 2
 0 3022 2 2
 0 3022 2 2
 -1 3023 1 2
 1 3022 2 2
 -1 3023 1 2
 1 3022 2 2
 0 3022 2 2
 -1 3023 1 2
 1 3022 2 2
 -1 3023 1 2
 1 3022 2 2
 0 3022 2 2
 0 3022 2 2
 0 3022 2 2
 0 3022 2 2
 -1 3023 1 2
 1 3022 2 2
 0 3022 2 2
 0 3022 2 2
 0 3022 2 2
 0 3022 2 2
 0 3022 2 2
 0 3022 2 2
 0 3022 2 2
 0 3022 2 2
 1 3021 3 2
 -2 3023 1 2
 1 3022 2 2
 0 3022 2 2
 -1 3023 1 2
 1 3022 2 2
 0 3022 2 2
 0 3022 2 2
 0 3022 2 2
 0 3022 2 2
 0 3022 2 2
 0 3022 2 2
 -1 3023 1 2
 1 3022 2 2
 0 3022 2 2
 0 3022 2 2
 0 3022 2 2
 0 3022 2 2
 -1 3023 1 2
 0 3023 1 2
 1 3022 2 2
 0 3022 2 2
 0 3022 2 2
 0 3022 2 2
 0 3022 2 2
 0 3022 2 2
 0 3022 2 2
 0 3022 2 2
 0 3022 2 2
 0 3022 2 2
 0 3022 2 2
 0 3022 2 2
 0 3022 2 2
 0 3022 2 2
 0 3022 2 2
 0 3022 2 2
 0 3022 2 2
 0 3022 2 2
 0 3022 2 2
 0 3022 2 2
 0 3022 2 2
 -1 3023 1 2
 0 3023 1 2
 1 3022 2 2
 0 3022 2 2
 0 3022 2 2
 0 3022 2 2
 0 3022 2 2
 -1 3023 1 2
 1 3022 2 2
 -1 3023 1 2
 1 3022 2 2
 0 3022 2 2
 0 3022 2 2
 -1 3023 1 2
 1 3022 2 2
 0 3022 2 2
 0 3022 2 2
 -1 3023 1 2
 1 3022 2 2
 0 3022 2 2
 0 3022 2 2
 0 3022 2 2
 0 3022 2 2
 -1 3023 1 2
 0 3023 1 2
 1 3022 2 2
 0 3022 2 2
 -1 3023 1 2
 1 3022 2 2
 0 3022 2 2
 0 3022 2 2
 0 3022 2 2
 -1 3023 1 2
 0 3023 1 2
 1 3022 2 2
 0 3022 2 2
 0 3022 2 2
 0 3022 2 2
 -1 3023 1 2
 1 3022 2 2
 -1 3023 1 2
 1 3022 2 2
 0 3022 2 2
 -1 3023 1 2
 1 3022 2 2
 0 3022 2 2
 0 3022 2 2
 0 3022 2 2
 0 3022 2 2
 0 3022 2 2
 0 3022 2 2
