# Created by Octave 5.2.0, Sun May 31 19:21:17 2020 GMT <unknown@Owner-PC>
# name: AGRR_COUNTS
# type: scalar
64


# name: MAX_AGRREGATE
# type: scalar
261


# name: MAX_ENC
# type: scalar
3714


# name: a
# type: matrix
# rows: 4952
# columns: 4
 0 2214 0 0
 0 2214 0 0
 0 2214 0 0
 0 2214 0 0
 0 2214 0 0
 0 2214 0 0
 -1 2215 0 0
 1 2214 1 0
 -1 2215 0 0
 0 2215 0 0
 1 2214 1 0
 -1 2215 0 0
 1 2214 1 0
 0 2214 1 0
 0 2214 1 0
 -1 2215 0 0
 1 2214 1 0
 -1 2215 0 0
 1 2214 1 0
 0 2214 1 0
 0 2214 1 0
 -1 2215 0 0
 1 2214 1 0
 0 2214 1 0
 0 2214 1 0
 0 2214 1 0
 0 2214 1 0
 0 2214 1 0
 0 2214 1 0
 -1 2215 0 0
 0 2215 0 0
 0 2215 0 0
 2 2213 2 0
 -2 2215 0 0
 1 2214 1 0
 0 2214 1 0
 0 2214 1 0
 -1 2215 0 0
 1 2214 1 0
 0 2214 1 0
 -1 2215 0 0
 1 2214 1 0
 -1 2215 0 0
 1 2214 1 0
 -1 2215 0 0
 0 2215 0 0
 1 2214 1 0
 0 2214 1 0
 -1 2215 0 0
 1 2214 1 0
 0 2214 1 0
 0 2214 1 0
 0 2214 1 0
 -1 2215 0 0
 1 2214 1 0
 -1 2215 0 0
 1 2214 1 0
 0 2214 1 0
 -1 2215 0 0
 1 2214 1 0
 -1 2215 0 0
 0 2215 0 0
 1 2214 1 0
 0 2214 1 0
 -1 2215 0 0
 0 2215 0 0
 1 2214 1 0
 -1 2215 0 0
 0 2215 0 0
 0 2215 0 0
 1 2214 1 0
 0 2214 1 0
 0 2214 1 0
 0 2214 1 0
 0 2214 1 0
 0 2214 1 0
 -1 2215 0 0
 1 2214 1 0
 0 2214 1 0
 -1 2215 0 0
 1 2214 1 0
 -1 2215 0 0
 1 2214 1 0
 0 2214 1 0
 0 2214 1 0
 0 2214 1 0
 0 2214 1 0
 0 2214 1 0
 -1 2215 0 0
 0 2215 0 0
 0 2215 0 0
 1 2214 1 0
 0 2214 1 0
 0 2214 1 0
 0 2214 1 0
 0 2214 1 0
 0 2214 1 0
 0 2214 1 0
 0 2214 1 0
 -1 2215 0 0
 1 2214 1 0
 0 2214 1 0
 0 2214 1 0
 -1 2215 0 0
 0 2215 0 0
 0 2215 0 0
 1 2214 1 0
 0 2214 1 0
 -1 2215 0 0
 0 2215 0 0
 0 2215 0 0
 1 2214 1 0
 0 2214 1 0
 0 2214 1 0
 0 2214 1 0
 0 2214 1 0
 -1 2215 0 0
 0 2215 0 0
 0 2215 0 0
 1 2214 1 0
 -1 2215 0 0
 1 2214 1 0
 0 2214 1 0
 -1 2215 0 0
 0 2215 0 0
 1 2214 1 0
 0 2214 1 0
 0 2214 1 0
 -1 2215 0 0
 1 2214 1 0
 0 2214 1 0
 -1 2215 0 0
 1 2214 1 0
 -1 2215 0 0
 1 2214 1 0
 0 2214 1 0
 -1 2215 0 0
 0 2215 0 0
 1 2214 1 0
 0 2214 1 0
 0 2214 1 0
 -1 2215 0 0
 1 2214 1 0
 0 2214 1 0
 0 2214 1 0
 0 2214 1 0
 0 2214 1 0
 0 2214 1 0
 0 2214 1 0
 0 2214 1 0
 -1 2215 0 0
 0 2215 0 0
 1 2214 1 0
 -1 2215 0 0
 0 2215 0 0
 0 2215 0 0
 0 2215 0 0
 1 2214 1 0
 0 2214 1 0
 0 2214 1 0
 0 2214 1 0
 -1 2215 0 0
 1 2214 1 0
 -1 2215 0 0
 1 2214 1 0
 -1 2215 0 0
 1 2214 1 0
 0 2214 1 0
 0 2214 1 0
 0 2214 1 0
 0 2214 1 0
 2 2212 3 0
 -2 2214 1 0
 -1 2215 0 0
 0 2215 0 0
 1 2214 1 0
 -1 2215 0 0
 1 2214 1 0
 -1 2215 0 0
 1 2214 1 0
 0 2214 1 0
 0 2214 1 0
 0 2214 1 0
 0 2214 1 0
 0 2214 1 0
 0 2214 1 0
 0 2214 1 0
 -1 2215 0 0
 0 2215 0 0
 0 2215 0 0
 1 2214 1 0
 0 2214 1 0
 -1 2215 0 0
 1 2214 1 0
 0 2214 1 0
 0 2214 1 0
 0 2214 1 0
 -1 2215 0 0
 0 2215 0 0
 0 2215 0 0
 1 2214 1 0
 -1 2215 0 0
 1 2214 1 0
 0 2214 1 0
 -1 2215 0 0
 1 2214 1 0
 0 2214 1 0
 -1 2215 0 0
 1 2214 1 0
 0 2214 1 0
 -1 2215 0 0
 0 2215 0 0
 1 2214 1 0
 -1 2215 0 0
 1 2214 1 0
 -1 2215 0 0
 1 2214 1 0
 0 2214 1 0
 0 2214 1 0
 0 2214 1 0
 0 2214 1 0
 0 2214 1 0
 0 2214 1 0
 0 2214 1 0
 -1 2215 0 0
 1 2214 1 0
 -1 2215 0 0
 1 2214 1 0
 0 2214 1 0
 0 2214 1 0
 -1 2215 0 0
 0 2215 0 0
 1 2214 1 0
 -1 2215 0 0
 1 2214 1 0
 -1 2215 0 0
 1 2214 1 0
 -1 2215 0 0
 0 2215 0 0
 1 2214 1 0
 0 2214 1 0
 0 2214 1 0
 0 2214 1 0
 0 2214 1 0
 0 2214 1 0
 0 2214 1 0
 0 2214 1 0
 0 2214 1 0
 0 2214 1 0
 -1 2215 0 0
 0 2215 0 0
 0 2215 0 0
 0 2215 0 0
 0 2215 0 0
 0 2215 0 0
 1 2214 1 0
 -1 2215 0 0
 1 2214 1 0
 -1 2215 0 0
 1 2214 1 0
 -1 2215 0 0
 0 2215 0 0
 1 2214 1 0
 -1 2215 0 0
 0 2215 0 0
 1 2214 1 0
 0 2214 1 0
 0 2214 1 0
 0 2214 1 0
 0 2214 1 0
 -1 2215 0 0
 1 2214 1 0
 0 2214 1 0
 -1 2215 0 0
 1 2214 1 0
 0 2214 1 0
 -1 2215 0 0
 1 2214 1 0
 -1 2215 0 0
 1 2214 1 0
 0 2214 1 0
 -1 2215 0 0
 0 2215 0 0
 0 2215 0 0
 1 2214 1 0
 -1 2215 0 0
 0 2215 0 0
 0 2215 0 0
 1 2214 1 0
 0 2214 1 0
 0 2214 1 0
 -1 2215 0 0
 1 2214 1 0
 -1 2215 0 0
 0 2215 0 0
 0 2215 0 0
 0 2215 0 0
 1 2214 1 0
 -1 2215 0 0
 1 2214 1 0
 -1 2215 0 0
 0 2215 0 0
 0 2215 0 0
 0 2215 0 0
 1 2214 1 0
 -1 2215 0 0
 0 2215 0 0
 1 2214 1 0
 0 2214 1 0
 -1 2215 0 0
 1 2214 1 0
 0 2214 1 0
 -1 2215 0 0
 1 2214 1 0
 0 2214 1 0
 0 2214 1 0
 0 2214 1 0
 -1 2215 0 0
 0 2215 0 0
 1 2214 1 0
 -1 2215 0 0
 0 2215 0 0
 0 2215 0 0
 1 2214 1 0
 -1 2215 0 0
 1 2214 1 0
 -1 2215 0 0
 0 2215 0 0
 1 2214 1 0
 0 2214 1 0
 -1 2215 0 0
 1 2214 1 0
 -1 2215 0 0
 1 2214 1 0
 0 2214 1 0
 0 2214 1 0
 0 2214 1 0
 0 2214 1 0
 0 2214 1 0
 0 2214 1 0
 -1 2215 0 0
 1 2214 1 0
 -1 2215 0 0
 0 2215 0 0
 1 2214 1 0
 0 2214 1 0
 -1 2215 0 0
 0 2215 0 0
 1 2214 1 0
 0 2214 1 0
 0 2214 1 0
 0 2214 1 0
 -1 2215 0 0
 1 2214 1 0
 0 2214 1 0
 -1 2215 0 0
 0 2215 0 0
 1 2214 1 0
 0 2214 1 0
 -1 2215 0 0
 0 2215 0 0
 0 2215 0 0
 0 2215 0 0
 0 2215 0 0
 1 2214 1 0
 -1 2215 0 0
 0 2215 0 0
 1 2214 1 0
 0 2214 1 0
 0 2214 1 0
 -1 2215 0 0
 1 2214 1 0
 0 2214 1 0
 0 2214 1 0
 -1 2215 0 0
 1 2214 1 0
 -1 2215 0 0
 0 2215 0 0
 1 2214 1 0
 0 2214 1 0
 -1 2215 0 0
 1 2214 1 0
 0 2214 1 0
 0 2214 1 0
 0 2214 1 0
 -1 2215 0 0
 1 2214 1 0
 0 2214 1 0
 0 2214 1 0
 0 2214 1 0
 0 2214 1 0
 -1 2215 0 0
 1 2214 1 0
 0 2214 1 0
 -1 2215 0 0
 1 2214 1 0
 0 2214 1 0
 0 2214 1 0
 0 2214 1 0
 0 2214 1 0
 0 2214 1 0
 0 2214 1 0
 0 2214 1 0
 0 2214 1 0
 0 2214 1 0
 -1 2215 0 0
 1 2214 1 0
 -1 2215 0 0
 0 2215 0 0
 0 2215 0 0
 1 2214 1 0
 -1 2215 0 0
 1 2214 1 0
 -1 2215 0 0
 1 2214 1 0
 0 2214 1 0
 -1 2215 0 0
 0 2215 0 0
 1 2214 1 0
 -1 2215 0 0
 0 2215 0 0
 1 2214 1 0
 -1 2215 0 0
 0 2215 0 0
 0 2215 0 0
 0 2215 0 0
 1 2214 1 0
 0 2214 1 0
 0 2214 1 0
 0 2214 1 0
 0 2214 1 0
 -1 2215 0 0
 1 2214 1 0
 0 2214 1 0
 0 2214 1 0
 -1 2215 0 0
 1 2214 1 0
 0 2214 1 0
 -1 2215 0 0
 1 2214 1 0
 -1 2215 0 0
 0 2215 0 0
 1 2214 1 0
 0 2214 1 0
 -1 2215 0 0
 1 2214 1 0
 -1 2215 0 0
 1 2214 1 0
 0 2214 1 0
 -1 2215 0 0
 1 2214 1 0
 0 2214 1 0
 0 2214 1 0
 0 2214 1 0
 -1 2215 0 0
 0 2215 0 0
 1 2214 1 0
 0 2214 1 0
 0 2214 1 0
 0 2214 1 0
 0 2214 1 0
 -1 2215 0 0
 1 2214 1 0
 -1 2215 0 0
 0 2215 0 0
 0 2215 0 0
 0 2215 0 0
 0 2215 0 0
 1 2214 1 0
 0 2214 1 0
 0 2214 1 0
 -1 2215 0 0
 0 2215 0 0
 0 2215 0 0
 0 2215 0 0
 1 2214 1 0
 -1 2215 0 0
 1 2214 1 0
 0 2214 1 0
 0 2214 1 0
 -1 2215 0 0
 1 2214 1 0
 -1 2215 0 0
 1 2214 1 0
 -1 2215 0 0
 0 2215 0 0
 0 2215 0 0
 0 2215 0 0
 0 2215 0 0
 1 2214 1 0
 0 2214 1 0
 -1 2215 0 0
 1 2214 1 0
 0 2214 1 0
 0 2214 1 0
 0 2214 1 0
 -1 2215 0 0
 1 2214 1 0
 0 2214 1 0
 0 2214 1 0
 0 2214 1 0
 -1 2215 0 0
 1 2214 1 0
 0 2214 1 0
 0 2214 1 0
 -1 2215 0 0
 1 2214 1 0
 0 2214 1 0
 0 2214 1 0
 0 2214 1 0
 0 2214 1 0
 0 2214 1 0
 -1 2215 0 0
 1 2214 1 0
 0 2214 1 0
 0 2214 1 0
 0 2214 1 0
 0 2214 1 0
 0 2214 1 0
 0 2214 1 0
 -1 2215 0 0
 0 2215 0 0
 0 2215 0 0
 1 2214 1 0
 0 2214 1 0
 0 2214 1 0
 -1 2215 0 0
 0 2215 0 0
 1 2214 1 0
 0 2214 1 0
 0 2214 1 0
 0 2214 1 0
 0 2214 1 0
 0 2214 1 0
 0 2214 1 0
 0 2214 1 0
 -1 2215 0 0
 0 2215 0 0
 1 2214 1 0
 -1 2215 0 0
 0 2215 0 0
 0 2215 0 0
 1 2214 1 0
 0 2214 1 0
 0 2214 1 0
 -1 2215 0 0
 0 2215 0 0
 1 2214 1 0
 -1 2215 0 0
 0 2215 0 0
 0 2215 0 0
 0 2215 0 0
 1 2214 1 0
 0 2214 1 0
 0 2214 1 0
 0 2214 1 0
 0 2214 1 0
 0 2214 1 0
 0 2214 1 0
 0 2214 1 0
 -1 2215 0 0
 0 2215 0 0
 0 2215 0 0
 1 2214 1 0
 -1 2215 0 0
 1 2214 1 0
 -1 2215 0 0
 0 2215 0 0
 1 2214 1 0
 0 2214 1 0
 0 2214 1 0
 0 2214 1 0
 -1 2215 0 0
 1 2214 1 0
 0 2214 1 0
 0 2214 1 0
 0 2214 1 0
 -1 2215 0 0
 0 2215 0 0
 1 2214 1 0
 0 2214 1 0
 0 2214 1 0
 0 2214 1 0
 0 2214 1 0
 0 2214 1 0
 0 2214 1 0
 0 2214 1 0
 0 2214 1 0
 0 2214 1 0
 0 2214 1 0
 0 2214 1 0
 -1 2215 0 0
 1 2214 1 0
 0 2214 1 0
 0 2214 1 0
 -1 2215 0 0
 1 2214 1 0
 -1 2215 0 0
 1 2214 1 0
 0 2214 1 0
 0 2214 1 0
 0 2214 1 0
 0 2214 1 0
 -1 2215 0 0
 1 2214 1 0
 0 2214 1 0
 -1 2215 0 0
 1 2214 1 0
 -1 2215 0 0
 0 2215 0 0
 0 2215 0 0
 0 2215 0 0
 1 2214 1 0
 0 2214 1 0
 -1 2215 0 0
 0 2215 0 0
 0 2215 0 0
 1 2214 1 0
 -1 2215 0 0
 1 2214 1 0
 -1 2215 0 0
 1 2214 1 0
 0 2214 1 0
 0 2214 1 0
 0 2214 1 0
 0 2214 1 0
 0 2214 1 0
 -1 2215 0 0
 1 2214 1 0
 0 2214 1 0
 0 2214 1 0
 0 2214 1 0
 0 2214 1 0
 0 2214 1 0
