# Created by Octave 5.2.0, Sun May 31 00:50:40 2020 GMT <unknown@Owner-PC>
# name: a
# type: matrix
# rows: 2963
# columns: 3
 766 2738 0
 766 2738 0
 766 2738 0
 766 2738 0
 767 2738 0
 766 2738 0
 766 2738 0
 766 2738 0
 767 2738 0
 766 2738 0
 766 2738 0
 766 2738 0
 767 2738 0
 766 2738 0
 766 2738 0
 766 2738 0
 766 2738 0
 766 2738 0
 766 2738 0
 766 2738 0
 767 2738 0
 766 2738 0
 766 2738 0
 766 2738 0
 766 2738 0
 766 2738 0
 766 2738 0
 766 2738 0
 767 2738 0
 766 2738 0
 766 2738 0
 766 2738 0
 766 2738 0
 766 2738 0
 766 2738 0
 766 2738 0
 766 2738 0
 766 2738 0
 766 2738 0
 766 2738 0
 766 2738 0
 766 2738 0
 766 2738 0
 766 2738 0
 766 2738 0
 766 2738 0
 766 2738 0
 766 2738 0
 766 2738 0
 766 2738 0
 766 2738 0
 766 2738 0
 766 2738 0
 766 2738 0
 766 2738 0
 766 2738 0
 766 2738 0
 766 2738 0
 766 2739 0
 766 2738 1
 767 2738 1
 766 2738 1
 766 2738 1
 766 2738 1
 766 2738 1
 766 2738 1
 766 2738 1
 766 2738 1
 766 2738 1
 766 2737 2
 767 2738 1
 766 2738 1
 766 2738 1
 766 2738 1
 766 2738 1
 766 2738 1
 766 2738 1
 766 2737 2
 766 2738 1
 766 2738 1
 766 2738 1
 766 2738 1
 766 2738 1
 766 2738 1
 766 2738 1
 766 2738 1
 766 2738 1
 766 2738 1
 766 2738 1
 766 2738 1
 766 2738 1
 766 2738 1
 766 2738 1
 766 2738 1
 766 2738 1
 766 2737 2
 766 2738 1
 766 2738 1
 766 2738 1
 766 2738 1
 766 2738 1
 766 2737 2
 766 2737 2
 766 2737 2
 766 2738 1
 766 2737 2
 766 2737 2
 766 2738 1
 766 2738 1
 766 2738 1
 766 2737 2
 766 2738 1
 766 2737 2
 766 2738 1
 766 2738 1
 766 2737 2
 766 2738 1
 766 2737 2
 766 2738 1
 766 2738 1
 766 2738 1
 766 2738 1
 766 2738 1
 766 2738 1
 766 2738 1
 766 2738 1
 766 2738 1
 766 2738 1
 766 2738 1
 766 2738 1
 766 2738 1
 766 2738 1
 766 2738 1
 766 2738 1
 766 2738 1
 766 2738 1
 766 2738 1
 766 2738 1
 766 2739 0
 766 2738 1
 766 2737 2
 766 2737 2
 766 2738 1
 766 2738 1
 766 2737 2
 766 2738 1
 766 2738 1
 766 2738 1
 766 2738 1
 766 2738 1
 766 2738 1
 766 2738 1
 766 2738 1
 766 2738 1
 766 2738 1
 766 2738 1
 766 2738 1
 766 2738 1
 766 2738 1
 766 2738 1
 766 2738 1
 766 2738 1
 766 2738 1
 766 2738 1
 766 2738 1
 766 2738 1
 766 2738 1
 767 2738 1
 766 2738 1
 766 2738 1
 766 2737 2
 766 2738 1
 766 2738 1
 766 2738 1
 766 2738 1
 766 2738 1
 766 2738 1
 766 2738 1
 766 2738 1
 766 2738 1
 766 2738 1
 766 2737 2
 766 2737 2
 766 2738 1
 766 2738 1
 766 2738 1
 766 2737 2
 766 2738 1
 766 2738 1
 766 2738 1
 766 2738 1
 766 2737 2
 766 2738 1
 766 2738 1
 766 2738 1
 766 2738 1
 766 2738 1
 766 2738 1
 767 2738 1
 766 2738 1
 767 2738 1
 766 2738 1
 766 2738 1
 766 2738 1
 766 2738 1
 766 2738 1
 766 2738 1
 766 2738 1
 766 2738 1
 766 2738 1
 766 2738 1
 766 2738 1
 766 2738 1
 766 2738 1
 766 2738 1
 766 2738 1
 766 2738 1
 766 2738 1
 766 2738 1
 766 2738 1
 766 2738 1
 766 2738 1
 766 2738 1
 766 2738 1
 766 2738 1
 767 2739 0
 766 2737 2
 766 2738 1
 766 2738 1
 766 2738 1
 766 2738 1
 766 2738 1
 766 2738 1
 766 2738 1
 766 2738 1
 766 2737 2
 766 2737 2
 766 2738 1
 766 2738 1
 766 2738 1
 766 2738 1
 766 2737 2
 766 2738 1
 766 2738 1
 766 2737 2
 766 2738 1
 766 2737 2
 766 2738 1
 766 2738 1
 766 2738 1
 766 2738 1
 766 2738 1
 766 2737 2
 766 2738 1
 766 2738 1
 766 2737 2
 766 2738 1
 766 2738 1
 766 2738 1
 766 2738 1
 766 2738 1
 766 2738 1
 766 2738 1
 766 2738 1
 766 2738 1
 766 2738 1
 767 2738 1
 766 2738 1
 766 2738 1
 766 2738 1
 766 2738 1
 766 2738 1
 766 2738 1
 766 2738 1
 767 2738 1
 766 2737 2
 766 2738 1
 766 2738 1
 766 2738 1
 766 2738 1
 766 2738 1
 766 2738 1
 766 2738 1
 766 2737 2
 766 2738 1
 766 2737 2
 766 2738 1
 766 2738 1
 766 2738 1
 766 2738 1
 766 2738 1
 766 2738 1
 766 2738 1
 766 2738 1
 766 2738 1
 766 2738 1
 766 2738 1
 766 2738 1
 766 2738 1
 766 2738 1
 766 2738 1
 766 2737 2
 766 2738 1
 766 2738 1
 766 2738 1
 766 2738 1
 766 2738 1
 766 2738 1
 766 2738 1
 766 2737 2
 766 2738 1
 766 2738 1
 766 2738 1
 766 2738 1
 766 2738 1
 766 2738 1
 766 2738 1
 766 2738 1
 766 2738 1
 766 2737 2
 766 2738 1
 766 2738 1
 766 2738 1
 766 2738 1
 766 2738 1
 766 2738 1
 766 2738 1
 766 2738 1
 766 2738 1
 766 2738 1
 766 2737 2
 766 2737 2
 766 2739 0
 766 2737 2
 766 2738 1
 766 2738 1
 766 2738 1
 766 2737 2
 766 2738 1
 766 2738 1
 766 2738 1
 766 2737 2
 766 2738 1
 766 2738 1
 766 2738 1
 766 2737 2
 766 2737 2
 766 2738 1
 766 2738 1
 766 2738 1
 767 2738 1
 766 2737 2
 766 2738 1
 766 2738 1
 766 2738 1
 766 2738 1
 766 2738 1
 766 2738 1
 766 2738 1
 766 2738 1
 766 2738 1
 766 2738 1
 766 2738 1
 766 2738 1
 766 2738 1
 766 2737 2
 766 2737 2
 766 2738 1
 766 2738 1
 766 2737 2
 766 2738 1
 766 2738 1
 766 2738 1
 766 2737 2
 766 2738 1
 766 2738 1
 766 2738 1
 766 2738 1
 766 2738 1
 766 2738 1
 766 2738 1
 766 2738 1
 766 2738 1
 766 2738 1
 766 2738 1
 766 2738 1
 766 2737 2
 766 2738 1
 766 2738 1
 766 2737 2
 766 2737 2
 766 2738 1
 766 2737 2
 767 2740 0
 766 2738 2
 766 2738 2
 767 2737 3
 766 2738 2
 766 2738 2
 766 2738 2
 766 2738 2
 766 2738 2
 766 2737 3
 766 2738 2
 766 2737 3
 766 2738 2
 766 2738 2
 766 2737 3
 766 2738 2
 766 2738 2
 766 2738 2
 766 2738 2
 766 2738 2
 766 2738 2
 766 2737 3
 766 2737 3
 766 2738 2
 766 2738 2
 766 2738 2
 766 2737 3
 766 2738 2
 766 2738 2
 766 2738 2
 766 2738 2
 766 2738 2
 766 2738 2
 766 2737 3
 766 2738 2
 766 2738 2
 766 2737 3
 766 2738 2
 766 2738 2
 766 2738 2
 766 2737 3
 766 2738 2
 766 2738 2
 766 2738 2
 766 2738 2
 766 2738 2
 766 2737 3
 766 2738 2
 766 2738 2
 766 2737 3
 766 2738 2
 766 2737 3
 766 2738 2
 766 2738 2
 766 2738 2
 766 2737 3
 766 2737 3
 766 2737 3
 766 2737 3
 766 2738 2
 766 2738 2
 766 2738 2
 766 2737 3
 766 2737 3
 766 2738 2
 766 2737 3
 766 2738 2
 766 2738 2
 766 2738 2
 766 2737 3
 766 2738 2
 766 2738 2
 766 2738 2
 766 2737 3
 766 2738 2
 766 2738 2
 766 2738 2
 766 2738 2
 766 2738 2
 766 2737 3
 766 2738 2
 766 2737 3
 766 2738 2
 767 2742 0
 766 2738 4
 766 2737 5
 766 2738 4
 766 2738 4
 766 2737 5
 766 2738 4
 766 2738 4
 766 2737 5
 766 2738 4
 766 2737 5
 766 2737 5
 766 2738 4
 766 2738 4
 766 2738 4
 766 2738 4
 766 2738 4
 766 2737 5
 766 2738 4
 766 2738 4
 766 2738 4
 766 2738 4
 766 2738 4
 766 2737 5
 766 2737 5
 766 2737 5
 766 2738 4
 766 2738 4
 766 2738 4
 766 2737 5
 766 2737 5
 766 2738 4
 766 2738 4
 766 2738 4
 766 2738 4
 766 2738 4
 766 2737 5
 766 2738 4
 766 2738 4
 766 2737 5
 766 2737 5
 766 2737 5
 766 2737 5
 766 2738 4
 766 2738 4
 766 2737 5
 766 2738 4
 766 2738 4
 766 2738 4
 766 2738 4
 766 2738 4
 766 2737 5
 766 2738 4
 766 2738 4
 766 2738 4
 766 2738 4
 766 2738 4
 766 2738 4
 766 2737 5
 766 2738 4
 766 2738 4
 766 2738 4
 766 2737 5
 765 2737 5
 766 2738 4
 766 2738 4
 766 2738 4
 766 2738 4
 766 2738 4
 766 2737 5
 766 2737 5
 766 2737 5
 766 2737 5
 766 2737 5
 766 2738 4
 766 2737 5
 765 2737 5
 766 2737 5
 765 2738 4
 766 2738 4
 766 2737 5
 766 2738 4
 766 2737 5
 766 2737 5
 765 2738 4
 766 2738 4
 766 2738 4
 765 2737 5
 766 2737 5
 766 2737 5
 765 2737 5
 765 2737 5
 766 2738 4
 766 2737 5
 766 2737 5
 765 2737 5
 765 2737 5
 765 2738 4
 765 2737 5
 765 2738 4
 766 2737 5
 766 2737 5
 766 2737 5
 766 2737 5
 766 2737 5
 765 2737 5
 765 2737 5
 766 2737 5
 766 2737 5
 766 2737 5
 765 2737 5
 766 2738 4
 766 2738 4
 765 2737 5
 765 2737 5
 765 2738 4
 766 2738 4
 765 2737 5
 766 2738 4
 766 2738 4
 766 2738 4
 766 2738 4
 766 2737 5
 765 2737 5
 766 2738 4
 765 2737 5
 765 2737 5
 765 2737 5
 765 2737 5
 766 2737 5
 765 2737 5
 766 2737 5
 765 2737 5
 766 2737 5
 765 2737 5
 765 2737 5
 766 2737 5
 766 2737 5
 765 2737 5
 765 2737 5
 765 2737 5
 765 2737 5
 765 2737 5
 765 2737 5
 765 2737 5
 765 2737 5
 765 2737 5
 765 2737 5
 765 2737 5
 765 2737 5
 766 2737 5
 766 2737 5
 765 2738 4
 765 2737 5
 765 2737 5
 765 2737 5
 765 2737 5
 765 2737 5
 766 2737 5
 765 2737 5
 765 2737 5
 765 2737 5
 765 2737 5
 765 2737 5
 765 2737 5
 765 2737 5
 765 2737 5
 765 2736 6
 765 2736 6
 765 2736 6
 766 2736 6
 766 2736 6
 766 2737 5
 766 2737 5
 766 2737 5
 766 2737 5
 766 2737 5
 767 2737 5
 767 2737 5
 767 2737 5
