# Created by Octave 5.2.0, Fri May 29 23:26:22 2020 GMT <unknown@Owner-PC>
# name: a
# type: matrix
# rows: 4412
# columns: 3
 28534 0 28534
 28535 0 1
 28536 0 1
 28537 0 1
 28538 0 1
 28539 0 1
 28540 0 1
 28541 0 1
 28542 0 1
 28543 0 1
 28544 0 1
 28545 0 1
 28546 0 1
 28547 0 1
 28548 0 1
 28549 0 1
 28550 0 1
 28551 0 1
 28552 0 1
 28553 0 1
 28554 0 1
 28555 0 1
 28556 0 1
 28557 0 1
 28558 0 1
 28559 0 1
 28560 0 1
 28561 0 1
 28562 0 1
 28563 0 1
 28564 0 1
 28565 0 1
 28566 0 1
 28567 0 1
 28568 0 1
 28569 0 1
 28570 0 1
 28571 0 1
 28572 0 1
 28573 0 1
 28574 0 1
 28575 0 1
 28576 0 1
 28577 0 1
 28578 0 1
 28579 0 1
 28580 0 1
 28581 0 1
 28582 0 1
 28583 0 1
 28584 0 1
 28585 0 1
 28586 0 1
 28587 0 1
 28588 0 1
 28589 0 1
 28590 0 1
 28591 0 1
 28592 0 1
 28593 0 1
 28594 0 1
 28595 0 1
 28596 0 1
 28597 0 1
 28598 0 1
 28599 0 1
 28600 0 1
 28601 0 1
 28602 0 1
 28603 0 1
 28604 0 1
 28605 0 1
 28606 0 1
 28607 0 1
 28608 0 1
 28609 0 1
 28610 0 1
 28611 0 1
 28612 0 1
 28613 0 1
 28614 0 1
 28615 0 1
 28616 0 1
 28617 0 1
 28618 0 1
 28619 0 1
 28620 0 1
 28621 0 1
 28622 0 1
 28623 0 1
 28624 0 1
 28625 0 1
 28626 0 1
 28627 0 1
 28628 0 1
 28629 0 1
 28630 0 1
 28631 0 1
 28632 0 1
 28633 0 1
 28634 0 1
 28635 0 1
 28636 0 1
 28637 0 1
 28638 0 1
 28639 0 1
 28640 0 1
 28641 0 1
 28642 0 1
 28643 0 1
 28644 0 1
 28645 0 1
 28646 0 1
 28647 0 1
 28648 0 1
 28649 0 1
 28650 0 1
 28651 0 1
 28652 0 1
 28653 0 1
 28654 0 1
 28655 0 1
 28656 0 1
 28657 0 1
 28658 0 1
 28659 0 1
 28660 0 1
 28661 0 1
 28662 0 1
 28663 0 1
 28664 0 1
 28665 0 1
 28666 0 1
 28667 0 1
 28668 0 1
 28669 0 1
 28670 0 1
 28671 0 1
 28672 0 1
 28673 0 1
 28674 0 1
 28675 0 1
 28676 0 1
 28677 0 1
 28678 0 1
 28679 0 1
 28680 0 1
 28681 0 1
 28682 0 1
 28683 0 1
 28684 0 1
 28685 0 1
 28686 0 1
 28687 0 1
 28688 0 1
 28689 0 1
 28690 0 1
 28691 0 1
 28692 0 1
 28693 0 1
 28694 0 1
 28695 0 1
 28696 0 1
 28697 0 1
 28698 0 1
 28699 0 1
 28700 0 1
 28701 0 1
 28702 0 1
 28703 0 1
 28704 0 1
 28705 0 1
 28706 0 1
 28707 0 1
 28708 0 1
 28709 0 1
 28710 0 1
 28711 0 1
 28712 0 1
 28713 0 1
 28714 0 1
 28715 0 1
 28716 0 1
 28717 0 1
 28718 0 1
 28719 0 1
 28720 0 1
 28721 0 1
 28722 0 1
 28723 0 1
 28724 0 1
 28725 0 1
 28726 0 1
 28727 0 1
 28728 0 1
 28729 0 1
 28730 0 1
 28731 0 1
 28732 0 1
 28733 0 1
 28734 0 1
 28735 0 1
 28736 0 1
 28737 0 1
 28738 0 1
 28739 0 1
 28740 0 1
 28741 0 1
 28742 0 1
 28743 0 1
 28744 0 1
 28745 0 1
 28746 0 1
 28747 0 1
 28748 0 1
 28749 0 1
 28750 0 1
 28751 0 1
 28752 0 1
 28753 0 1
 28754 0 1
 28755 0 1
 28756 0 1
 28757 0 1
 28758 0 1
 28759 0 1
 28760 0 1
 28761 0 1
 28762 0 1
 28763 0 1
 28764 0 1
 28765 0 1
 28766 0 1
 28767 0 1
 28768 0 1
 28769 0 1
 28770 0 1
 28771 0 1
 28772 0 1
 28773 0 1
 28774 0 1
 28775 0 1
 28776 0 1
 28777 0 1
 28778 0 1
 28779 0 1
 28780 0 1
 28781 0 1
 28782 0 1
 28783 0 1
 28784 0 1
 28785 0 1
 28786 0 1
 28787 0 1
 28788 0 1
 28789 0 1
 28790 0 1
 28791 0 1
 28792 0 1
 28793 0 1
 28794 0 1
 28795 0 1
 28796 0 1
 28797 0 1
 28798 0 1
 28799 0 1
 28800 0 1
 28801 0 1
 28802 0 1
 28803 0 1
 28804 0 1
 28805 0 1
 28806 0 1
 28807 0 1
 28808 0 1
 28809 0 1
 28810 0 1
 28811 0 1
 28812 0 1
 28813 0 1
 28814 0 1
 28815 0 1
 28816 0 1
 28817 0 1
 28818 0 1
 28819 0 1
 28820 0 1
 28821 0 1
 28822 0 1
 28823 0 1
 28824 0 1
 28825 0 1
 28826 0 1
 28827 0 1
 28828 0 1
 28829 0 1
 28830 0 1
 28831 0 1
 28832 0 1
 28833 0 1
 28834 0 1
 28835 0 1
 28836 0 1
 28837 0 1
 28838 0 1
 28839 0 1
 28840 0 1
 28841 0 1
 28842 0 1
 28843 0 1
 28844 0 1
 28845 0 1
 28846 0 1
 28847 0 1
 28848 0 1
 28849 0 1
 28850 0 1
 28851 0 1
 28852 0 1
 28853 0 1
 28854 0 1
 28855 0 1
 28856 0 1
 28857 0 1
 28858 0 1
 28859 0 1
 28860 0 1
 28861 0 1
 28862 0 1
 28863 0 1
 28864 0 1
 28865 0 1
 28866 0 1
 28867 0 1
 28868 0 1
 28869 0 1
 28870 0 1
 28871 0 1
 28872 0 1
 28873 0 1
 28874 0 1
 28875 0 1
 28876 0 1
 28877 0 1
 28878 0 1
 28879 0 1
 28880 0 1
 28881 0 1
 28882 0 1
 28883 0 1
 28884 0 1
 28885 0 1
 28886 0 1
 28887 0 1
 28888 0 1
 28889 0 1
 28890 0 1
 28891 0 1
 28892 0 1
 28893 0 1
 28894 0 1
 28895 0 1
 28896 0 1
 28897 0 1
 28898 0 1
 28899 0 1
 28900 0 1
 28901 0 1
 28902 0 1
 28903 0 1
 28904 0 1
 28905 0 1
 28906 0 1
 28907 0 1
 28908 0 1
 28909 0 1
 28910 0 1
 28911 0 1
 28912 0 1
 28913 0 1
 28914 0 1
 28915 0 1
 28916 0 1
 28917 0 1
 28918 0 1
 28919 0 1
 28920 0 1
 28921 0 1
 28922 0 1
 28923 0 1
 28924 0 1
 28925 0 1
 28926 0 1
 28927 0 1
 28928 0 1
 28929 0 1
 28930 0 1
 28931 0 1
 28932 0 1
 28933 0 1
 28934 0 1
 28935 0 1
 28936 0 1
 28937 0 1
 28938 0 1
 28939 0 1
 28940 0 1
 28941 0 1
 28942 0 1
 28943 0 1
 28944 0 1
 28945 0 1
 28946 0 1
 28947 0 1
 28948 0 1
 28949 0 1
 28950 0 1
 28951 0 1
 28952 0 1
 28953 0 1
 28954 0 1
 28955 0 1
 28956 0 1
 28957 0 1
 28958 0 1
 28959 0 1
 28960 0 1
 28961 0 1
 28962 0 1
 28963 0 1
 28964 0 1
 28965 0 1
 28966 0 1
 28967 0 1
 28968 0 1
 28969 0 1
 28970 0 1
 28971 0 1
 28972 0 1
 28973 0 1
 28974 0 1
 28975 0 1
 28976 0 1
 28977 0 1
 28978 0 1
 28979 0 1
 28980 0 1
 28981 0 1
 28982 0 1
 28983 0 1
 28984 0 1
 28985 0 1
 28986 0 1
 28987 0 1
 28988 0 1
 28989 0 1
 28990 0 1
 28991 0 1
 28992 0 1
 28993 0 1
 28994 0 1
 28995 0 1
 28996 0 1
 28997 0 1
 28998 0 1
 28999 0 1
 29000 0 1
 29001 0 1
 29002 0 1
 29003 0 1
 29004 0 1
 29005 0 1
 29006 0 1
 29007 0 1
 29008 0 1
 29009 0 1
 29010 0 1
 29011 0 1
 29012 0 1
 29013 0 1
 29014 0 1
 29015 0 1
 29016 0 1
 29017 0 1
 29018 0 1
 29019 0 1
 29020 0 1
 29021 0 1
 29022 0 1
 29023 0 1
 29024 0 1
 29025 0 1
 29026 0 1
 29027 0 1
 29028 0 1
 29029 0 1
 29030 0 1
 29031 0 1
 29032 0 1
 29033 0 1
 29034 0 1
 29035 0 1
 29036 0 1
 29037 0 1
 29038 0 1
 29039 0 1
 29040 0 1
 29041 0 1
 29042 0 1
 29043 0 1
 29044 0 1
 29045 0 1
 29046 0 1
 29047 0 1
 29048 0 1
 29049 0 1
 29050 0 1
 29051 0 1
 29052 0 1
 29053 0 1
 29054 0 1
 29055 0 1
 29056 0 1
 29057 0 1
 29058 0 1
 29059 0 1
 29060 0 1
 29061 0 1
 29062 0 1
 29063 0 1
 29064 0 1
 29065 0 1
 29066 0 1
 29067 0 1
 29068 0 1
 29069 0 1
 29070 0 1
 29071 0 1
 29072 0 1
 29073 0 1
 29074 0 1
 29075 0 1
 29076 0 1
 29077 0 1
 29078 0 1
 29079 0 1
 29080 0 1
 29081 0 1
 29082 0 1
 29083 0 1
 29084 0 1
 29085 0 1
 29086 0 1
 29087 0 1
 29088 0 1
 29089 0 1
 29090 0 1
 29091 0 1
 29092 0 1
 29093 0 1
 29094 0 1
 29095 0 1
 29096 0 1
 29097 0 1
 29098 0 1
 29099 0 1
 29100 0 1
 29101 0 1
 29102 0 1
 29103 0 1
 29104 0 1
 29105 0 1
 29106 0 1
 29107 0 1
 29108 0 1
 29109 0 1
 29110 0 1
 29111 0 1
 29112 0 1
 29113 0 1
 29114 0 1
 29115 0 1
 29116 0 1
 29117 0 1
 29118 0 1
 29119 0 1
 29120 0 1
 29121 0 1
 29122 0 1
 29123 0 1
 29124 0 1
 29125 0 1
 29126 0 1
 29127 0 1
 29128 0 1
 29129 0 1
 29130 0 1
 29131 0 1
 29132 0 1
 29133 0 1
 29134 0 1
 29135 0 1
 29136 0 1
 29137 0 1
 29138 0 1
 29139 0 1
 29140 0 1
 29141 0 1
 29142 0 1
 29143 0 1
 29144 0 1
 29145 0 1
 29146 0 1
 29147 0 1
 29148 0 1
 29149 0 1
 29150 0 1
 29151 0 1
 29152 0 1
 29153 0 1
 29154 0 1
 29155 0 1
 29156 0 1
 29157 0 1
 29158 0 1
 29159 0 1
 29160 0 1
 29161 0 1
 29162 0 1
 29163 0 1
 29164 0 1
 29165 0 1
 29166 0 1
 29167 0 1
 29168 0 1
 29169 0 1
 29170 0 1
 29171 0 1
 29172 0 1
 29173 0 1
 29174 0 1
 29175 0 1
 29176 0 1
 29177 0 1
 29178 0 1
 29179 0 1
 29180 0 1
 29181 0 1
 29182 0 1
 29183 0 1
 29184 0 1
 29185 0 1
 29186 0 1
 29187 0 1
 29188 0 1
 29189 0 1
 29190 0 1
 29191 0 1
 29192 0 1
 29193 0 1
 29194 0 1
 29195 0 1
 29196 0 1
 29197 0 1
 29198 0 1
 29199 0 1
 29200 0 1
 29201 0 1
 29202 0 1
 29203 0 1
 29204 0 1
 29205 0 1
 29206 0 1
 29207 0 1
 29208 0 1
 29209 0 1
 29210 0 1
 29211 0 1
 29212 0 1
 29213 0 1
 29214 0 1
 29215 0 1
 29216 0 1
 29217 0 1
 29218 0 1
 29219 0 1
 29220 0 1
 29221 0 1
 29222 0 1
 29223 0 1
 29224 0 1
 29225 0 1
 29226 0 1
 29227 0 1
 29228 0 1
 29229 0 1
 29230 0 1
 29231 0 1
 29232 0 1
 29233 0 1
 29234 0 1
 29235 0 1
 29236 0 1
 29237 0 1
 29238 0 1
 29239 0 1
 29240 0 1
 29241 0 1
 29242 0 1
 29243 0 1
 29244 0 1
 29245 0 1
 29246 0 1
 29247 0 1
 29248 0 1
